7
7
7
9
9
9
290
290
290
311
311
311
439
439
439
663
663
663
690
690
690
831
831
831
885
885
885
964
964
964
982
982
982
995
995
995
1057
1057
1057
1095
1095
1095
1112
1112
1112
1174
1174
1174
1434
1434
1434
1682
1682
1682
1940
1940
1940
1990
1990
1990
2029
2029
2029
2055
2055
2055
2068
2068
2068
2119
2119
2119
2217
2217
2217
2278
2278
2278
2285
2285
2285
2456
2456
2456
2562
2562
2562
2635
2635
2635
2768
2768
2768
2960
2960
2960
2991
2991
2991
3011
3011
3011
3057
3057
3057
3097
3097
3097
3227
3227
3227
3340
3340
3340
3342
3342
3342
3380
3380
3380
3429
3429
3429
3441
3441
3441
3477
3477
3477
3483
3483
3483
3515
3515
3515
3575
3575
3575
3639
3639
3639
3817
3817
3817
3840
3840
3840
3847
3847
3847
3858
3858
3858
3968
3968
3968
3977
3977
3977
4132
4132
4132
4138
4138
4138
4158
4158
4158
4210
4210
4210
4280
4280
4280
4283
4283
4283
4324
4324
4324
4420
4420
4420
4506
4506
4506
4517
4517
4517
4554
4554
4554
4623
4623
4623
4681
4681
4681
4704
4704
4704
4734
4734
4734
4813
4813
4813
4913
4913
4913
4937
4937
4937
4954
4954
4954
5104
5104
5104
5119
5119
5119
5189
5189
5189
5194
5194
5194
5265
5265
5265
5313
5313
5313
5328
5328
5328
5374
5374
5374
5407
5407
5407
5523
5523
5523
5570
5570
5570
5572
5572
5572
5582
5582
5582
5627
5627
5627
5773
5773
5773
5871
5871
5871
5911
5911
5911
5963
5963
5963
6047
6047
6047
6089
6089
6089
6130
6130
6130
6144
6144
6144
6250
6250
6250
6354
6354
6354
6363
6363
6363
6402
6402
6402
6480
6480
6480
6542
6542
6542
6599
6599
6599
6616
6616
6616
6652
6652
6652
6682
6682
6682
6765
6765
6765
