1
3
4
6
7
8
10
12
13
15
19
20
23
25
26
28
29
31
32
34
38
40
41
46
47
49
50
52
57
59
60
61
62
65
67
68
69
70
71
72
73
74
79
80
85
86
89
90
91
93
96
98
107
116
118
124
125
126
127
128
129
130
132
137
145
148
150
153
154
155
157
158
159
162
164
167
168
171
173
174
177
179
180
184
185
186
187
190
191
192
194
195
196
198
203
204
205
210
212
213
214
215
217
218
220
221
222
225
235
237
239
240
244
251
253
254
257
260
265
266
267
268
271
274
275
277
278
280
281
284
286
288
289
291
297
299
303
306
308
311
314
