0.6241
0.7730
0.8085
0.8440
0.8582
0.8723
0.8794
0.8794
0.9007
0.9007
0.9007
0.9078
0.9149
0.9220
0.9220
0.9291
0.9291
0.9362
0.9433
0.9433
0.9433
0.9433
0.9433
0.9504
0.9504
0.9504
0.9504
0.9574
0.9645
0.9645
0.9645
0.9645
0.9645
0.9645
0.9716
0.9716
0.9716
0.9716
0.9716
0.9716
0.9716
0.9716
0.9716
0.9716
0.9716
0.9716
0.9716
0.9716
0.9716
0.9716
0.9716
0.9716
0.9716
0.9716
0.9716
0.9716
0.9716
0.9716
0.9716
0.9716
0.9716
0.9716
0.9787
0.9787
0.9787
0.9787
0.9858
0.9858
0.9858
0.9858
0.9858
0.9858
0.9858
0.9858
0.9858
0.9858
0.9858
0.9858
0.9929
0.9929
0.9929
0.9929
1.0000
1.0000
1.0000
1.0000
1.0000
1.0000
1.0000
1.0000
1.0000
1.0000
1.0000
1.0000
1.0000
1.0000
1.0000
1.0000
1.0000
1.0000
1.0000
1.0000
1.0000
1.0000
1.0000
1.0000
1.0000
1.0000
1.0000
1.0000
1.0000
1.0000
1.0000
1.0000
1.0000
1.0000
1.0000
1.0000
1.0000
1.0000
1.0000
1.0000
1.0000
1.0000
1.0000
1.0000
1.0000
1.0000
1.0000
1.0000
1.0000
1.0000
1.0000
1.0000
1.0000
1.0000
1.0000
1.0000
1.0000
1.0000
1.0000
1.0000
1.0000
1.0000
1.0000
1.0000
1.0000
1.0000
1.0000
1.0000
1.0000
1.0000
1.0000
1.0000
1.0000
1.0000
1.0000
1.0000
1.0000
1.0000
1.0000
1.0000
1.0000
1.0000
1.0000
1.0000
1.0000
1.0000
1.0000
1.0000
1.0000
1.0000
1.0000
1.0000
1.0000
1.0000
1.0000
1.0000
1.0000
1.0000
1.0000
1.0000
1.0000
1.0000
1.0000
1.0000
1.0000
1.0000
1.0000
1.0000
1.0000
1.0000
1.0000
1.0000
1.0000
1.0000
1.0000
1.0000
1.0000
1.0000
1.0000
1.0000
1.0000
1.0000
1.0000
1.0000
1.0000
1.0000
1.0000
1.0000
1.0000
1.0000
1.0000
1.0000
1.0000
1.0000
1.0000
1.0000
1.0000
1.0000
1.0000
1.0000
1.0000
1.0000
1.0000
1.0000
1.0000
1.0000
1.0000
1.0000
1.0000
1.0000
1.0000
1.0000
1.0000
1.0000
1.0000
1.0000
1.0000
1.0000
1.0000
1.0000
1.0000
1.0000
1.0000
1.0000
1.0000
1.0000
1.0000
1.0000
